3.805364e-01 3.508631e-01 2.683137e-01 2.868877e-04 3.747187e+02
3.805364e-01 3.508631e-01 2.683137e-01 2.868877e-04 3.747187e+02
3.805353e-01 3.508619e-01 2.683127e-01 2.900732e-04 3.747265e+02
3.805326e-01 3.508592e-01 2.683103e-01 2.979390e-04 3.747459e+02
3.805284e-01 3.508548e-01 2.683064e-01 3.103845e-04 3.747763e+02
3.805226e-01 3.508488e-01 2.683011e-01 3.275789e-04 3.748177e+02
3.805150e-01 3.508410e-01 2.682942e-01 3.498430e-04 3.748703e+02
3.805056e-01 3.508312e-01 2.682856e-01 3.776177e-04 3.749344e+02
3.804941e-01 3.508193e-01 2.682751e-01 4.114606e-04 3.750104e+02
3.804803e-01 3.508051e-01 2.682626e-01 4.520509e-04 3.750990e+02
3.804640e-01 3.507881e-01 2.682477e-01 5.001992e-04 3.752007e+02
3.804447e-01 3.507682e-01 2.682302e-01 5.568587e-04 3.753162e+02
3.804222e-01 3.507449e-01 2.682098e-01 6.231392e-04 3.754463e+02
3.803959e-01 3.507178e-01 2.681860e-01 7.003231e-04 3.755919e+02
3.803654e-01 3.506862e-01 2.681584e-01 7.898835e-04 3.757539e+02
3.803302e-01 3.506498e-01 2.681266e-01 8.935036e-04 3.759335e+02
3.802894e-01 3.506077e-01 2.680898e-01 1.013099e-03 3.761318e+02
3.802425e-01 3.505592e-01 2.680474e-01 1.150842e-03 3.763501e+02
3.801886e-01 3.505034e-01 2.679988e-01 1.309185e-03 3.765897e+02
3.801267e-01 3.504395e-01 2.679430e-01 1.490893e-03 3.768521e+02
3.800557e-01 3.503662e-01 2.678791e-01 1.699065e-03 3.771388e+02
3.799745e-01 3.502823e-01 2.678060e-01 1.937174e-03 3.774516e+02
3.798818e-01 3.501865e-01 2.677226e-01 2.209092e-03 3.777923e+02
3.797760e-01 3.500773e-01 2.676276e-01 2.519129e-03 3.781626e+02
3.796556e-01 3.499529e-01 2.675194e-01 2.872062e-03 3.785647e+02
3.795187e-01 3.498116e-01 2.673965e-01 3.273174e-03 3.790007e+02
3.793633e-01 3.496512e-01 2.672572e-01 3.728288e-03 3.794727e+02
3.791872e-01 3.494695e-01 2.670995e-01 4.243799e-03 3.799832e+02
3.789880e-01 3.492640e-01 2.669213e-01 4.826711e-03 3.805346e+02
3.787631e-01 3.490321e-01 2.667202e-01 5.484664e-03 3.811294e+02
3.785095e-01 3.487707e-01 2.664939e-01 6.225968e-03 3.817703e+02
3.782243e-01 3.484766e-01 2.662395e-01 7.059626e-03 3.824601e+02
3.779039e-01 3.481465e-01 2.659542e-01 7.995354e-03 3.832017e+02
3.775449e-01 3.477767e-01 2.656348e-01 9.043603e-03 3.839980e+02
3.771432e-01 3.473631e-01 2.652781e-01 1.021557e-02 3.848521e+02
3.766948e-01 3.469016e-01 2.648805e-01 1.152318e-02 3.857671e+02
3.761951e-01 3.463875e-01 2.644382e-01 1.297912e-02 3.867462e+02
3.756396e-01 3.458163e-01 2.639473e-01 1.459681e-02 3.877927e+02
3.750232e-01 3.451827e-01 2.634037e-01 1.639037e-02 3.889099e+02
3.743407e-01 3.444816e-01 2.628030e-01 1.837460e-02 3.901012e+02
3.735867e-01 3.437075e-01 2.621408e-01 2.056493e-02 3.913699e+02
3.727555e-01 3.428546e-01 2.614125e-01 2.297739e-02 3.927195e+02
3.718411e-01 3.419170e-01 2.606134e-01 2.562850e-02 3.941534e+02
3.708374e-01 3.408887e-01 2.597387e-01 2.853526e-02 3.956751e+02
3.697382e-01 3.397633e-01 2.587836e-01 3.171499e-02 3.972877e+02
3.685369e-01 3.385346e-01 2.577432e-01 3.518529e-02 3.989948e+02
3.672271e-01 3.371961e-01 2.566129e-01 3.896391e-02 4.007995e+02
3.658020e-01 3.357414e-01 2.553880e-01 4.306863e-02 4.027050e+02
3.642548e-01 3.341641e-01 2.540640e-01 4.751712e-02 4.047143e+02
3.625786e-01 3.324576e-01 2.526369e-01 5.232685e-02 4.068305e+02
3.607665e-01 3.306157e-01 2.511028e-01 5.751492e-02 4.090564e+02
3.588115e-01 3.286323e-01 2.494583e-01 6.309790e-02 4.113944e+02
3.567065e-01 3.265011e-01 2.477007e-01 6.909172e-02 4.138472e+02
3.544442e-01 3.242165e-01 2.458277e-01 7.551153e-02 4.164170e+02
3.520173e-01 3.217730e-01 2.438382e-01 8.237152e-02 4.191058e+02
3.494182e-01 3.191653e-01 2.417317e-01 8.968479e-02 4.219153e+02
3.466392e-01 3.163886e-01 2.395090e-01 9.746324e-02 4.248472e+02
3.436721e-01 3.134385e-01 2.371719e-01 1.057174e-01 4.279026e+02
3.405088e-01 3.103111e-01 2.347238e-01 1.144564e-01 4.310825e+02
3.371404e-01 3.070028e-01 2.321692e-01 1.236877e-01 4.343876e+02
3.335580e-01 3.035108e-01 2.295142e-01 1.334170e-01 4.378181e+02
3.297525e-01 2.998328e-01 2.267662e-01 1.436485e-01 4.413742e+02
3.257146e-01 2.959671e-01 2.239341e-01 1.543842e-01 4.450553e+02
3.214354e-01 2.919127e-01 2.210276e-01 1.656243e-01 4.488608e+02
3.169064e-01 2.876693e-01 2.180576e-01 1.773668e-01 4.527896e+02
3.121199e-01 2.832373e-01 2.150352e-01 1.896075e-01 4.568401e+02
3.070698e-01 2.786182e-01 2.119718e-01 2.023401e-01 4.610105e+02
3.017518e-01 2.738142e-01 2.088783e-01 2.155556e-01 4.652982e+02
2.961641e-01 2.688285e-01 2.057647e-01 2.292427e-01 4.697004e+02
2.903078e-01 2.636655e-01 2.026394e-01 2.433873e-01 4.742138e+02
2.841876e-01 2.583310e-01 1.995088e-01 2.579725e-01 4.788344e+02
2.778123e-01 2.528321e-01 1.963769e-01 2.729786e-01 4.835577e+02
2.711946e-01 2.471774e-01 1.932449e-01 2.883830e-01 4.883784e+02
2.643518e-01 2.413774e-01 1.901109e-01 3.041600e-01 4.932908e+02
2.573052e-01 2.354443e-01 1.869697e-01 3.202808e-01 4.982882e+02
2.500805e-01 2.293921e-01 1.838133e-01 3.367140e-01 5.033632e+02
2.427071e-01 2.232370e-01 1.806306e-01 3.534253e-01 5.085075e+02
2.352174e-01 2.169968e-01 1.774080e-01 3.703778e-01 5.137123e+02
2.276466e-01 2.106912e-01 1.741298e-01 3.875324e-01 5.189675e+02
2.200316e-01 2.043414e-01 1.707785e-01 4.048486e-01 5.242625e+02
2.124103e-01 1.979698e-01 1.673357e-01 4.222842e-01 5.295857e+02
2.048210e-01 1.915999e-01 1.637824e-01 4.397967e-01 5.349250e+02
1.973012e-01 1.852558e-01 1.600993e-01 4.573437e-01 5.402675e+02
1.898871e-01 1.789616e-01 1.562677e-01 4.748836e-01 5.455998e+02
1.826131e-01 1.727410e-01 1.522692e-01 4.923766e-01 5.509080e+02
1.755109e-01 1.666169e-01 1.480863e-01 5.097859e-01 5.561780e+02
1.686089e-01 1.606108e-01 1.437021e-01 5.270783e-01 5.613955e+02
1.619317e-01 1.547410e-01 1.391027e-01 5.442245e-01 5.665464e+02
1.554980e-01 1.490204e-01 1.342843e-01 5.611974e-01 5.716166e+02
1.493220e-01 1.434581e-01 1.292464e-01 5.779734e-01 5.765927e+02
1.434141e-01 1.380607e-01 1.239912e-01 5.945340e-01 5.814619e+02
1.377805e-01 1.328312e-01 1.185226e-01 6.108657e-01 5.862121e+02
1.324233e-01 1.277691e-01 1.128461e-01 6.269615e-01 5.908321e+02
1.273407e-01 1.228699e-01 1.069682e-01 6.428212e-01 5.953117e+02
1.225272e-01 1.181249e-01 1.008953e-01 6.584527e-01 5.996417e+02
1.179728e-01 1.135204e-01 9.463335e-02 6.738734e-01 6.038139e+02
1.136638e-01 1.090367e-01 8.818683e-02 6.891126e-01 6.078214e+02
1.095814e-01 1.046470e-01 8.155762e-02 7.042140e-01 6.116582e+02
1.057011e-01 1.003148e-01 7.474386e-02 7.192402e-01 6.153191e+02
1.019909e-01 9.599065e-02 6.773852e-02 7.342799e-01 6.188002e+02
9.840753e-02 9.160594e-02 6.052764e-02 7.494589e-01 6.220977e+02
9.488996e-02 8.706402e-02 5.308699e-02 7.649590e-01 6.252086e+02
9.134712e-02 8.222052e-02 4.538495e-02 7.810474e-01 6.281299e+02
8.763477e-02 7.685205e-02 3.739491e-02 7.981183e-01 6.308586e+02
8.351611e-02 7.061552e-02 2.914332e-02 8.167251e-01 6.333917e+02
7.863369e-02 6.305763e-02 2.083143e-02 8.374772e-01 6.357277e+02
8.293359e-05 3.064788e-08 0.000000e+00 9.999170e-01 6.374163e+02
7.613806e-05 2.678410e-08 0.000000e+00 9.999238e-01 6.386654e+02
6.991076e-05 2.341805e-08 0.000000e+00 9.999301e-01 6.399131e+02
6.420788e-05 2.048806e-08 0.000000e+00 9.999358e-01 6.411595e+02
5.898739e-05 1.793801e-08 0.000000e+00 9.999410e-01 6.424044e+02
5.421035e-05 1.571886e-08 0.000000e+00 9.999458e-01 6.436480e+02
4.984074e-05 1.378792e-08 0.000000e+00 9.999501e-01 6.448903e+02
4.584521e-05 1.210792e-08 0.000000e+00 9.999541e-01 6.461315e+02
4.219291e-05 1.064639e-08 0.000000e+00 9.999578e-01 6.473717e+02
3.885526e-05 9.374992e-09 0.000000e+00 9.999611e-01 6.486112e+02
3.580573e-05 8.268981e-09 0.000000e+00 9.999642e-01 6.498501e+02
3.301975e-05 7.306740e-09 0.000000e+00 9.999670e-01 6.510891e+02
3.047444e-05 6.469351e-09 0.000000e+00 9.999695e-01 6.523287e+02
2.814847e-05 5.740215e-09 0.000000e+00 9.999718e-01 6.535698e+02
2.602187e-05 5.104685e-09 0.000000e+00 9.999740e-01 6.548133e+02
2.407563e-05 4.549669e-09 0.000000e+00 9.999759e-01 6.560598e+02
2.229137e-05 4.063241e-09 0.000000e+00 9.999777e-01 6.573080e+02
2.065147e-05 3.634713e-09 0.000000e+00 9.999793e-01 6.585529e+02
1.914052e-05 3.255339e-09 0.000000e+00 9.999809e-01 6.597877e+02
1.774524e-05 2.918190e-09 0.000000e+00 9.999823e-01 6.610059e+02
1.645478e-05 2.617834e-09 0.000000e+00 9.999835e-01 6.622027e+02
1.525999e-05 2.349800e-09 0.000000e+00 9.999847e-01 6.633750e+02
1.415294e-05 2.110291e-09 0.000000e+00 9.999858e-01 6.645207e+02
1.312657e-05 1.896041e-09 0.000000e+00 9.999869e-01 6.656389e+02
1.217459e-05 1.704217e-09 0.000000e+00 9.999878e-01 6.667291e+02
1.129130e-05 1.532346e-09 0.000000e+00 9.999887e-01 6.677911e+02
1.047153e-05 1.378260e-09 0.000000e+00 9.999895e-01 6.688251e+02
9.710567e-06 1.240049e-09 0.000000e+00 9.999903e-01 6.698314e+02
9.004092e-06 1.116026e-09 0.000000e+00 9.999910e-01 6.708102e+02
8.348139e-06 1.004697e-09 0.000000e+00 9.999917e-01 6.717620e+02
7.739056e-06 9.047326e-10 0.000000e+00 9.999923e-01 6.726874e+02
7.173477e-06 8.149499e-10 0.000000e+00 9.999928e-01 6.735869e+02
6.648293e-06 7.342913e-10 0.000000e+00 9.999934e-01 6.744611e+02
6.160627e-06 6.618108e-10 0.000000e+00 9.999938e-01 6.753105e+02
5.707820e-06 5.966632e-10 0.000000e+00 9.999943e-01 6.761358e+02
5.287402e-06 5.380985e-10 0.000000e+00 9.999947e-01 6.769375e+02
4.897089e-06 4.854619e-10 0.000000e+00 9.999951e-01 6.777164e+02
4.534756e-06 4.381986e-10 0.000000e+00 9.999955e-01 6.784729e+02
4.198434e-06 3.958623e-10 0.000000e+00 9.999958e-01 6.792076e+02
3.886292e-06 3.581184e-10 0.000000e+00 9.999961e-01 6.799213e+02
3.596629e-06 3.247197e-10 0.000000e+00 9.999964e-01 6.806144e+02
3.327865e-06 2.953702e-10 0.000000e+00 9.999967e-01 6.812876e+02
3.078530e-06 2.693077e-10 0.000000e+00 9.999969e-01 6.819414e+02
2.847260e-06 2.445185e-10 0.000000e+00 9.999972e-01 6.825763e+02
2.632786e-06 2.173381e-10 0.000000e+00 9.999974e-01 6.831930e+02
2.433924e-06 1.846459e-10 0.000000e+00 9.999976e-01 6.837919e+02
2.249571e-06 1.495313e-10 0.000000e+00 9.999978e-01 6.843736e+02
2.078697e-06 1.201115e-10 0.000000e+00 9.999979e-01 6.849385e+02
1.920451e-06 0.000000e+00 0.000000e+00 9.999981e-01 6.854873e+02
1.773729e-06 0.000000e+00 0.000000e+00 9.999982e-01 6.860204e+02
1.637825e-06 0.000000e+00 0.000000e+00 9.999984e-01 6.865382e+02
1.511969e-06 0.000000e+00 0.000000e+00 9.999985e-01 6.870413e+02
1.395448e-06 0.000000e+00 0.000000e+00 9.999986e-01 6.875300e+02
1.287597e-06 0.000000e+00 0.000000e+00 9.999987e-01 6.880049e+02
1.187795e-06 0.000000e+00 0.000000e+00 9.999988e-01 6.884664e+02
1.095469e-06 0.000000e+00 0.000000e+00 9.999989e-01 6.889149e+02
1.010081e-06 0.000000e+00 0.000000e+00 9.999990e-01 6.893508e+02
9.311334e-07 0.000000e+00 0.000000e+00 9.999991e-01 6.897745e+02
8.581633e-07 0.000000e+00 0.000000e+00 9.999991e-01 6.901865e+02
7.907395e-07 0.000000e+00 0.000000e+00 9.999992e-01 6.905870e+02
7.284615e-07 0.000000e+00 0.000000e+00 9.999993e-01 6.909766e+02
6.709569e-07 0.000000e+00 0.000000e+00 9.999993e-01 6.913554e+02
6.178798e-07 0.000000e+00 0.000000e+00 9.999994e-01 6.917240e+02
5.689088e-07 0.000000e+00 0.000000e+00 9.999994e-01 6.920827e+02
5.237455e-07 0.000000e+00 0.000000e+00 9.999995e-01 6.924317e+02
4.821126e-07 0.000000e+00 0.000000e+00 9.999995e-01 6.927714e+02
4.437531e-07 0.000000e+00 0.000000e+00 9.999996e-01 6.931022e+02
4.084283e-07 0.000000e+00 0.000000e+00 9.999996e-01 6.934244e+02
3.759169e-07 0.000000e+00 0.000000e+00 9.999996e-01 6.937382e+02
3.460138e-07 0.000000e+00 0.000000e+00 9.999997e-01 6.940440e+02
3.185289e-07 0.000000e+00 0.000000e+00 9.999997e-01 6.943421e+02
2.932862e-07 0.000000e+00 0.000000e+00 9.999997e-01 6.946327e+02
2.701228e-07 0.000000e+00 0.000000e+00 9.999997e-01 6.949161e+02
2.488882e-07 0.000000e+00 0.000000e+00 9.999998e-01 6.951927e+02
2.294430e-07 0.000000e+00 0.000000e+00 9.999998e-01 6.954625e+02
2.116587e-07 0.000000e+00 0.000000e+00 9.999998e-01 6.957260e+02
1.954169e-07 0.000000e+00 0.000000e+00 9.999998e-01 6.959834e+02
1.806080e-07 0.000000e+00 0.000000e+00 9.999998e-01 6.962349e+02
1.671317e-07 0.000000e+00 0.000000e+00 9.999998e-01 6.964807e+02
1.548953e-07 0.000000e+00 0.000000e+00 9.999998e-01 6.967211e+02
1.438141e-07 0.000000e+00 0.000000e+00 9.999999e-01 6.969564e+02
1.338102e-07 0.000000e+00 0.000000e+00 9.999999e-01 6.971866e+02
1.248125e-07 0.000000e+00 0.000000e+00 9.999999e-01 6.974121e+02
1.167562e-07 0.000000e+00 0.000000e+00 9.999999e-01 6.976331e+02
1.095822e-07 0.000000e+00 0.000000e+00 9.999999e-01 6.978497e+02
1.032371e-07 0.000000e+00 0.000000e+00 9.999999e-01 6.980622e+02
9.767230e-08 0.000000e+00 0.000000e+00 9.999999e-01 6.982707e+02
9.284444e-08 0.000000e+00 0.000000e+00 9.999999e-01 6.984755e+02
8.871455e-08 0.000000e+00 0.000000e+00 9.999999e-01 6.986767e+02
8.524800e-08 0.000000e+00 0.000000e+00 9.999999e-01 6.988746e+02
8.241426e-08 0.000000e+00 0.000000e+00 9.999999e-01 6.990692e+02
8.018668e-08 0.000000e+00 0.000000e+00 9.999999e-01 6.992608e+02
7.854228e-08 0.000000e+00 0.000000e+00 9.999999e-01 6.994495e+02
7.746156e-08 0.000000e+00 0.000000e+00 9.999999e-01 6.996355e+02
7.692832e-08 0.000000e+00 0.000000e+00 9.999999e-01 6.998189e+02
7.692832e-08 0.000000e+00 0.000000e+00 9.999999e-01 7.000000e+02
7.692832e-08 0.000000e+00 0.000000e+00 9.999999e-01 7.000000e+02
7.692832e-08 0.000000e+00 0.000000e+00 9.999999e-01 7.000000e+02
    
